precision: 0.9730930266598068
callback: 0.9807425938489371
F1: 0.9769028356378876
